[[0.007066929172005961, 0.005090763394759401, 0.004421907077537777, 0.004990330913251365, 0.005767446382513958, 0.008379749656117732, 0.00315082790385581, 0.018177864695597953, 0.008667756959059622, 0.018378864858426665, 0.8550198167161479, 0.005761838853733275, 0.006043831629837819, 0.005988768475800764, 0.005393650136391372, 0.007951262288545967, 0.007859106366602569, 0.015707297912469078, 0.0010245076995242584, 0.0051574789078207665], [0.05489627283018031, 0.013911007087910744, 0.0338974653784925, 0.07077595991688738, 0.031428232751469866, 0.027300982942359043, 0.02192704669162001, 0.08826721682741588, 0.08479286798764556, 0.10851833955018131, 0.023316952031109308, 0.04331234787990079, 0.04785794061688199, 0.040121012712457244, 0.056596769262356676, 0.061604279598709115, 0.08420101254356115, 0.07566243363898542, 0.007573503790940299, 0.024038355960935398], [0.060891058649736894, 0.010842001068688429, 0.04420362819927527, 0.061016522393002225, 0.02315550276540486, 0.05361885595212279, 0.024986230214461995, 0.056539778569943, 0.07658910456143614, 0.07247331256944708, 0.01697072702389618, 0.06874880352460609, 0.07732173830763302, 0.04931004912171938, 0.05575616947303027, 0.08382469084720728, 0.0898180985201464, 0.05235881622020496, 0.004254300425116523, 0.017320611592921226], [0.05469395335675611, 0.014801860091282931, 0.0553861611391759, 0.05511448398554438, 0.03088545852049946, 0.07141067181814452, 0.02838885599161883, 0.04247262102308471, 0.06408674550093887, 0.06652855355658659, 0.01624706432280122, 0.06955822664826387, 0.09314611094675285, 0.04331943894196582, 0.048961920874994035, 0.09026870434107696, 0.07939816792502764, 0.04215280402216845, 0.008092045645961006, 0.025086151347355846], [0.06420001486943161, 0.014209462853337039, 0.06353463001869292, 0.057769937122579, 0.021648220004759324, 0.08787949389989545, 0.038917484329007705, 0.028764870094070312, 0.06430799023166472, 0.055829226961390206, 0.015483220617252753, 0.07150462897003874, 0.07632784391731827, 0.04364070415095646, 0.07292189221956678, 0.0923994971008944, 0.07361752894875877, 0.030692436335655274, 0.004930350186533427, 0.021420567168196833], [0.09153049792659684, 0.02348725725514332, 0.05712542771429196, 0.04159596383664479, 0.026826803826637536, 0.1044372879604014, 0.027166589723439275, 0.03330819363693853, 0.055237212521613975, 0.05824040246070509, 0.01637899381479218, 0.07862258281093636, 0.10243791319018256, 0.02974150346995385, 0.03863057217738911, 0.0938634259381705, 0.06200529516888282, 0.035150682820677015, 0.004850673536283605, 0.0193627202103193], [0.0787312419770517, 0.02373458164843922, 0.06792503120915633, 0.049894897873267036, 0.009297246893933424, 0.22860714723706443, 0.023795481322727876, 0.01133303094992198, 0.06825095455318382, 0.021483150828750974, 0.00881135247026603, 0.07171890172395042, 0.037492651449896705, 0.027030553458934823, 0.04842634285365698, 0.10045899550749762, 0.09118994363160636, 0.017279450876201714, 0.0023551168739228017, 0.012183926660569753], [0.08613619522071951, 0.02327627841527824, 0.03629802417649576, 0.039717587563101675, 0.024480582288335166, 0.044369650237031565, 0.04610937267743954, 0.049207355228957854, 0.0762484991185352, 0.07438225588017022, 0.023722254728399565, 0.05119775738476914, 0.09752110004487927, 0.03719544191111256, 0.05890895079342524, 0.07427520383229046, 0.08160855223968663, 0.046386588157634315, 0.004937308175324722, 0.024021041926413373], [0.054197967153710794, 0.03229394121815048, 0.01605482909692823, 0.014409010129621333, 0.03238772754896172, 0.06747553576957298, 0.027278162633833487, 0.059554290260946635, 0.03218193707699259, 0.0746023059219525, 0.023207707718614374, 0.020992081095051567, 0.2919634121879426, 0.016439908528821313, 0.02932292929459082, 0.04711249443030731, 0.04082546102024859, 0.0674365444396981, 0.013672609166449424, 0.0385911453076052], [0.026882892281477683, 0.01426101133861474, 0.007523660375631452, 0.028167210477441064, 0.05505947614777586, 0.007860081118437862, 0.034181701692839385, 0.14398101993815882, 0.04458665136633551, 0.1408238122166608, 0.039312093455540646, 0.01892256228489646, 0.012019199235590453, 0.023644419960957366, 0.05261414676077459, 0.0349434646365558, 0.09881051746629098, 0.13691546671242427, 0.015914999077276764, 0.0635756134563195], [0.1016882131982089, 0.02084023934134033, 0.002719975524081755, 0.00699879481873728, 0.019198538318436525, 0.031023811743498195, 0.005925608872828183, 0.2288496064742126, 0.016358985703871155, 0.13629177490911515, 0.03185427961043764, 0.00371183539453681, 0.014715366053008378, 0.008655192438669518, 0.011033841254732111, 0.014090221181608194, 0.04528049159663016, 0.2857311658483068, 0.003045380181316652, 0.011986677536423629], [0.03359441485476824, 0.013058516702512466, 0.037499871381898295, 0.07151126221077533, 0.013134056786592532, 0.03230843128183866, 0.025665478626569826, 0.01916897737794418, 0.11562198480891507, 0.04026043122235209, 0.01857593337420651, 0.059449249875015986, 0.06658375651389682, 0.05208931789355818, 0.08264677717086923, 0.11754917385752685, 0.15065768237653795, 0.03270531265665377, 0.0037245287635785606, 0.014194842263989434], [0.14734469232905864, 0.02587873217204919, 0.0013049198935222567, 0.001308703559543393, 0.02150355353414389, 0.06492602392978801, 0.0007393497871645366, 0.17575181364957815, 0.00109642938201663, 0.13317191422587593, 0.02810192430143379, 0.001072524534744649, 0.0023708816649672974, 0.001032504905205954, 0.0010260714970144937, 0.007029205943603153, 0.009445473204688094, 0.37224014672436717, 0.001732810058039384, 0.0029223247031953882], [0.024262456866177666, 0.007447091739514727, 0.018682043859410667, 0.11776220176457206, 0.024062876728944752, 0.01072652477048385, 0.035664908122713605, 0.02119134800211345, 0.1875953225170953, 0.02718612845344633, 0.018300564434845578, 0.035012545858287024, 0.001953901790833042, 0.08508273085300604, 0.11310481406223132, 0.05929917884655295, 0.14958116739342153, 0.023610420576122414, 0.008279758345242347, 0.03119401501498539], [0.015000441053333995, 0.008325460417841067, 0.002755799102819239, 0.0025121335408291377, 0.019451968924389808, 0.004269395202006883, 0.00226792895394732, 0.5052657855666364, 0.003991418086207608, 0.08333662537255997, 0.011093832654624798, 0.004863381539788143, 0.0017164786653262726, 0.0026906210977053575, 0.0032802821973058286, 0.00460841834204384, 0.006934086524759227, 0.3108663498655787, 0.001995488310664345, 0.004774104581632076], [0.02684686636244185, 0.01370504978394913, 0.13046139569275217, 0.05368241727725426, 0.015391200515278175, 0.047210845633559886, 0.02365635909749844, 0.010441308807816893, 0.04970184995923089, 0.012511391149608805, 0.006176239671471627, 0.48960273450888375, 0.0010142506193688706, 0.039435851415069695, 0.02370541754298308, 0.021959647405910707, 0.00641447418184771, 0.0069306688256015395, 0.003180151692913418, 0.017971879856559087], [0.020015567123230465, 0.006119435508274393, 0.09543917454584437, 0.04591365230894578, 0.0024786360416299814, 0.45647700815417486, 0.012143563795386692, 0.002640284152861835, 0.02623373806610786, 0.0051287763663502494, 0.002114500720073797, 0.13353895552011227, 0.010185592385576264, 0.019229293958944682, 0.019045022712798343, 0.08997980076125361, 0.0461183074765541, 0.0033212271940072906, 0.0009397166865847315, 0.0029377465212884362], [0.0255351560515633, 0.01660956205820746, 0.018240907577371852, 0.10633483039734247, 0.02657922217591106, 0.019841058168757548, 0.02778193966401154, 0.0800188362637147, 0.14299328704018874, 0.047573868662161636, 0.018623753740940406, 0.02465079186356438, 0.0027880010336451522, 0.1190339209622593, 0.07364874520867618, 0.0327503787413748, 0.06725676349911713, 0.11637815539883803, 0.004733327356727042, 0.02862749413562728], [0.038851718986815505, 0.006903140000359474, 0.06198975060246838, 0.2083519312367682, 0.01438955343089281, 0.024104281244781135, 0.011685740180610119, 0.05187257249721293, 0.05357520982786071, 0.0499493523835974, 0.01659486885800484, 0.015424324326005056, 0.1035263286028476, 0.057525453498455184, 0.023965304626038603, 0.07157623616554123, 0.09182804014922849, 0.07483479599771393, 0.009279943057355043, 0.013771454327443346], [0.054713975599690684, 0.03945073900294842, 0.010636312964541298, 0.022588626672348816, 0.04213654514406162, 0.019014030235774356, 0.012758807846523739, 0.17378462261230138, 0.018544169166178615, 0.14596541035224833, 0.0272638058883664, 0.003772971291668152, 0.00878858231955865, 0.015373451370219296, 0.01952879248196467, 0.017507706705181, 0.048270115544652686, 0.28976835052911604, 0.00558825286739883, 0.024544731405257043], [0.019220969428313972, 0.008892066266167982, 0.06867500551548084, 0.09529485685591337, 0.02703757211583755, 0.016061612962146976, 0.02372144718207245, 0.04846414151357945, 0.10406605243174842, 0.05757859666142475, 0.017436672374588975, 0.06524600124961372, 0.0474385689716479, 0.057287249250528416, 0.09558908041065783, 0.0432382589274392, 0.09488136274526962, 0.04144523285164661, 0.011436719633506998, 0.05698853265241497], [0.26271101199900426, 0.04496382858856012, 0.0010000459086748157, 0.000798299765288991, 0.19522679466701753, 0.04517860747427274, 0.002338550549937504, 0.10128872706534439, 0.0013057308090276276, 0.07112809692587076, 0.0502049855096904, 0.002700224342303324, 0.005779768940007562, 0.0020469720162458807, 0.0013964616117156095, 0.015491456144056668, 0.016784793705278078, 0.13992816835944605, 0.023293312579140364, 0.01643416303911731], [0.008642013589891017, 0.008915484528662736, 0.004595322446700193, 0.013381343301975959, 0.0710876769703298, 0.002960961848633818, 0.0048768265407470686, 0.1853365924505371, 0.021617814565979172, 0.4713984373772341, 0.038688495372319436, 0.00375804680298943, 0.0024770796113550726, 0.017146075398206808, 0.01506748447993388, 0.006385627818241065, 0.010688825791069419, 0.07309764310784223, 0.009707246021705637, 0.030171001975646063], [0.010147062679830532, 0.005394015361438471, 0.0004317301464933853, 0.001696778772965743, 0.05481484279937722, 0.0010917252562949095, 0.0009388557456818927, 0.34735963104904677, 0.001974057724731902, 0.29797492698754074, 0.01870557783186955, 0.0005444264638612192, 0.004419398525487618, 0.002105867256593013, 0.0020385146265820527, 0.0019214750080126608, 0.005773147831774299, 0.2243641005915513, 0.007083448409903975, 0.011220416930962762], [0.003937931937112572, 0.0021802022813664627, 0.9200265419787834, 0.007565084113462345, 0.0029483482978807807, 0.003563995744243964, 0.005051553437152864, 0.0032699964327971088, 0.003358548804028048, 0.006636147440910224, 0.001626480399696277, 0.017149486486542097, 0.0014093026748667825, 0.003085438964521046, 0.0028709276340188983, 0.006853595483921175, 0.003174733139133659, 0.0028720107694023087, 0.0009126930760758802, 0.00150698090408413], [0.013701540739435398, 0.01267780304951847, 0.00682809764344452, 0.0032924960189985608, 0.0026796101643835634, 0.0127369004984562, 0.000829030955657962, 0.006166236949181906, 0.0016912279156157581, 0.005815662090342405, 0.0029702589247668997, 0.013742971818364463, 0.009580508125579666, 0.0042742715399185505, 0.0014305257897959784, 0.3161205441227527, 0.578487371178193, 0.004910813138021348, 0.0005463504089496551, 0.0015177789286229721], [0.022632602727207383, 0.004082378691768912, 0.005026039997120897, 0.00419411870045503, 0.001636346956942507, 0.9165792176396351, 0.0011078044732218554, 0.001252938144069079, 0.0037267028938830454, 0.0038782023625512467, 0.0012802206170382205, 0.0056055362219040285, 0.0012502353576350662, 0.001697155111361872, 0.0069897377457049485, 0.011299061088042007, 0.0032058257946892157, 0.0022036534006970488, 0.0008460693056068146, 0.0015061527704657472], [0.5333078797380553, 0.07239954981273126, 0.0024241114777600365, 0.0031717573655047765, 0.007205401538486931, 0.015696079315174388, 0.0008945512680643253, 0.004374494038611553, 0.0004713816299230626, 0.00935681421785611, 0.003958512362957523, 0.004112848199380903, 0.0010043912138745202, 0.0014114630244572806, 0.0006448706203411559, 0.29228643389108444, 0.03268575345897895, 0.010767535209518404, 0.0007427573654468015, 0.0030834142517923175], [0.06226838742098714, 0.016482076847522904, 0.05813250917333173, 0.0612561206520671, 0.012690578515367945, 0.04453680972961216, 0.009604324562812372, 0.02046812079305283, 0.011774873016687408, 0.019703561841072647, 0.020552655793458878, 0.041324017774289436, 0.02598124116624211, 0.046696967329887575, 0.009894028862800332, 0.2820855029819474, 0.2137208426394693, 0.03150628256892634, 0.001904354892076751, 0.009416743438387654], [0.044807862860431945, 0.02983208002446744, 0.007075830034220187, 0.011784619366214201, 0.04440769732825548, 0.02005074702485746, 0.0154111888854938, 0.23126779736523334, 0.0207401979117755, 0.08924683790571952, 0.03863655620217038, 0.00687245548958116, 0.0035966189445405822, 0.012279039941036959, 0.031148474793291428, 0.021523541554777027, 0.03891211378329794, 0.2906346328367783, 0.01119844902086331, 0.030573258726994002], [0.01866974489612387, 0.032533828153702496, 0.019120557872909484, 0.004928797367308059, 0.017986918454601736, 0.012043300603929583, 0.02616595282617261, 0.055955319004619475, 0.0034269978364818454, 0.0338255469783778, 0.008915477534425304, 0.10519175844848852, 0.006310777230729196, 0.0031690286593513304, 0.004403301063409677, 0.30749865562665196, 0.2818854777953306, 0.048043953790249574, 0.0020631766803510232, 0.007861429176785893], [0.030113517148892772, 0.028141076201500085, 0.004776595304545317, 0.0027775703185291037, 0.16025516202864784, 0.004869058509074738, 0.004164532356746638, 0.20974381125617012, 0.002329964298230331, 0.19289382523176668, 0.05298697776232223, 0.008124750355093047, 0.002789295105686654, 0.002611168961416982, 0.0030262905969297184, 0.03842075563416799, 0.05688620851981994, 0.14600081607228851, 0.014570467229422348, 0.03451815710874894], [0.014398466674692075, 0.011114651441175504, 0.002180740555776434, 0.0025079293484806535, 0.04863220653647255, 0.0058785294390538145, 0.0020255293380046667, 0.45812781094625876, 0.003832129293833212, 0.20546589003824903, 0.060631357185401996, 0.002559891341581418, 0.003529057288502646, 0.0024678033897631785, 0.005800632900377595, 0.007166635230610428, 0.015036216440935227, 0.13812003627777833, 0.0034559243613354117, 0.007068561971717064], [0.05000216459951887, 0.0155848054679579, 0.08750963687077365, 0.023834482673425465, 0.027121488755812974, 0.057561345571574704, 0.01911798547185587, 0.019839776626275292, 0.022169257965585016, 0.07216710486812776, 0.020724371779315933, 0.07944274092884054, 0.07336496588719264, 0.015061891012608178, 0.031183558699055234, 0.23682652107257107, 0.10432245086666551, 0.025099286622440667, 0.005984280976183397, 0.013081883284219305], [0.053765819833123785, 0.006170469700902865, 0.07944509420867336, 0.1481524997594987, 0.017492092815494627, 0.03745493379203331, 0.01823842441373611, 0.0252681597962521, 0.0874386462763535, 0.05516983715277904, 0.014975606064294981, 0.046045097384669414, 0.09389196179822981, 0.057547424253019126, 0.07172556761340083, 0.06162074234129509, 0.05465272564931933, 0.03217646765062097, 0.01741342355804681, 0.021355005938256247], [0.07430844629988775, 0.00988810653459839, 0.08059602583197421, 0.17144872505699038, 0.012460116968705961, 0.04074866275660111, 0.01741014959362253, 0.030136459739995354, 0.09960235097109264, 0.04156203048901738, 0.009606037324229698, 0.04947634548593638, 0.047959104911902715, 0.051249852758900774, 0.06254165913101901, 0.08817133919291163, 0.058542929263928824, 0.03322808380196553, 0.007308189284837754, 0.013755384601881984], [0.07929163779912092, 0.02889003243963119, 0.03117838278809881, 0.026421467557857372, 0.0759898338006407, 0.038067302987375026, 0.014822384115111255, 0.10370047968663523, 0.01900058412834025, 0.18851512749678084, 0.030374202419669625, 0.02099851650340057, 0.022339821755370415, 0.015370192745494483, 0.014110589144690494, 0.036451327368275804, 0.05804068087102305, 0.12368073853285608, 0.03391741942042399, 0.038839278439203886], [0.06277028611995349, 0.019735305341701502, 0.02948544077450429, 0.021088980014796477, 0.06715998809379947, 0.028163130854957925, 0.011316444246811436, 0.1573245010599626, 0.018652511641750184, 0.19934111087264259, 0.03130613323775807, 0.017423945788428284, 0.021306895944443204, 0.015539368921581243, 0.01985321282300095, 0.04107807758697297, 0.050987644618316307, 0.13798950705935653, 0.018608901259871094, 0.030868613739391388], [0.08044105573064131, 0.008096153956861264, 0.06885076197531641, 0.11405938025623069, 0.022077836606158516, 0.0297808368402886, 0.017766768776050147, 0.047460662412271336, 0.122381846395343, 0.0871522775590978, 0.01686982784972704, 0.04294653400237087, 0.024883111474844264, 0.07041928257245343, 0.06733997874407704, 0.06941484315000326, 0.0470793789748732, 0.037123297065418934, 0.009213459349300724, 0.016642706308672185], [0.06201763119282798, 0.004510151595226569, 0.08001349434819482, 0.18364624079061198, 0.015518895326792877, 0.032582024288805966, 0.02037349618009648, 0.025260682097694893, 0.12929957669443928, 0.041708323472717475, 0.010148487230240588, 0.04220682484848597, 0.048413749644620134, 0.06046217263349867, 0.05318467023477188, 0.08022566143349627, 0.058159002990989625, 0.029462300093946243, 0.0075902951727726126, 0.015216319729769695], [0.048060471248314585, 0.014209766546278011, 0.048534941966398085, 0.05604563908355306, 0.04541121764955072, 0.07463787997385661, 0.02467203960236012, 0.05759736248523001, 0.0888575766528219, 0.0886067881807746, 0.013047933571007362, 0.0715217816114684, 0.03589987540905974, 0.04822390584632278, 0.04822864086738657, 0.08562848600965893, 0.06323194814082737, 0.046695894804261104, 0.011585748076491993, 0.02930210227437805], [0.042095158926425, 0.010805550149064425, 0.03405012005788076, 0.0434255258086034, 0.05751001306911296, 0.03394116111023844, 0.015757776603541385, 0.11584808731689238, 0.049079346627504676, 0.20722976277267324, 0.028231420921688608, 0.02960787750950372, 0.04546226870150485, 0.02606353760700177, 0.03243168087336563, 0.04995209859619806, 0.05222567361754242, 0.07147473005548319, 0.01811737282709661, 0.03669083684867849], [0.046608760278739315, 0.014865147550274058, 0.048424934730863914, 0.06285494942966195, 0.03213579985047413, 0.030655453701114506, 0.027469536607178408, 0.07772414083744265, 0.10590372182507243, 0.0920306120572054, 0.019067866630003105, 0.05344244360008559, 0.03704820195259085, 0.041603302887209016, 0.07577634636729207, 0.05801316861428263, 0.07894587382410198, 0.06551549101505992, 0.007842630425929862, 0.02407161781541821], [0.05221124033754031, 0.009009069715888352, 0.06494928174520824, 0.1144689254539977, 0.01758327894635688, 0.06293385617725972, 0.018569879429979255, 0.054525877905270304, 0.08564786744135372, 0.06441643366073155, 0.021490542841081643, 0.041099892917104974, 0.0638630134706358, 0.04323495112823326, 0.06554366732345808, 0.06029105217206784, 0.06278866673499509, 0.0707601751138089, 0.009237805861808585, 0.01737452162321979], [0.06034029695626268, 0.012047731985456897, 0.03323689550667322, 0.05671203160685841, 0.02793088154509385, 0.04070504893955943, 0.0172871800635313, 0.10578764353613232, 0.057111549846894, 0.10061662777919642, 0.035657590608878596, 0.032151940153351585, 0.042903645414223084, 0.03193855156809969, 0.04930024757084446, 0.05414372028750501, 0.07678711440665136, 0.13401822429939966, 0.011072359991397548, 0.020250717933990487], [0.05668455253665987, 0.00736880926990258, 0.048565919281329716, 0.07789599323657524, 0.022081756337122407, 0.05254270305542211, 0.01842338035953684, 0.061638826005800035, 0.0895602217879563, 0.07919446493209828, 0.021940532750668783, 0.0434514491131292, 0.07100636542293393, 0.04271199319053759, 0.07296591206927447, 0.05559680048407552, 0.07804307676925512, 0.0694887920889165, 0.00997296536812433, 0.02086548594068118], [0.06499364521852757, 0.013103539568003236, 0.04626475412175933, 0.05529935951275427, 0.03389459429414303, 0.05430726296472414, 0.020284721706734118, 0.0768303245085465, 0.06882766567787667, 0.09977171245983157, 0.027508146460395906, 0.040987538849559337, 0.07330711700851267, 0.035442996566769816, 0.05340878805444155, 0.06454734892302981, 0.06089249146651354, 0.07561735972372613, 0.00977219383956082, 0.02493843907458999], [0.048040951251350966, 0.008221834554580284, 0.05055887609271251, 0.08569574612455201, 0.017922179597110344, 0.05291916636428911, 0.020977946631619445, 0.035146373406314185, 0.11924282938637255, 0.04796326647364795, 0.016686260344917655, 0.050964928349716075, 0.07462329784029724, 0.05301556358808632, 0.07158910991070565, 0.08430141370388164, 0.09414857861760785, 0.04353714152510578, 0.005333227816446379, 0.019111308420686052], [0.07673200510705107, 0.012773923501933092, 0.04973790714239363, 0.08342333518466148, 0.020651606218341192, 0.08135877434466333, 0.02253323173569208, 0.04447626324337794, 0.08331550111618957, 0.05316166675652451, 0.02141366443179433, 0.04611771711430618, 0.07003334353470034, 0.04518942247311097, 0.05323477308415848, 0.07527235218877597, 0.07496973431238163, 0.05801925141645361, 0.007060256909387446, 0.02052527018410317], [0.06862781618069398, 0.012389359913126747, 0.045467791812279314, 0.06205735316681733, 0.025549043870886697, 0.06931561501913638, 0.02314400734442111, 0.06161441977484469, 0.08574500240841633, 0.0648825930301569, 0.020941598558171307, 0.04783158715625375, 0.05758616152372969, 0.04223140673367069, 0.05433434988474024, 0.08231977700808249, 0.07650707438878246, 0.06810306725646258, 0.007402664664867117, 0.023949310304460184], [0.04788939980458046, 0.009357448195677577, 0.04291486975952977, 0.059607261411376074, 0.018477532637352027, 0.08591045336567821, 0.01809123235265713, 0.06217781078518947, 0.09284662865816325, 0.06624306764518993, 0.01862420786900855, 0.04515196879718772, 0.059392184677930324, 0.03690600961457876, 0.05672477570787925, 0.09117116626392036, 0.097605251212462, 0.06909115701591512, 0.004665371443692063, 0.017152202782031965], [0.049978665535424946, 0.01370277309593629, 0.05528006093040826, 0.0682114779061778, 0.023779793649816066, 0.07815519065347493, 0.03311390316704218, 0.03191599838819514, 0.10326884469739163, 0.03906030214650463, 0.014314861149621117, 0.06438086339208689, 0.043506940570574214, 0.04890792635486479, 0.07681973393715764, 0.10265020185038072, 0.08017749434082354, 0.04124422367918735, 0.006546081541941908, 0.02498466301298997], [0.05868122280709925, 0.00827746570209572, 0.0545740932687115, 0.0784489954535134, 0.023887082487549085, 0.06821932935364837, 0.02108058724676256, 0.04371061555034757, 0.08925235586175914, 0.06195379577713877, 0.020557262653412695, 0.05414644337944543, 0.0483201122595116, 0.04152798502231442, 0.05828651692064504, 0.07980274324744943, 0.09278133174862857, 0.06267834403846091, 0.010234914303411476, 0.023578802918095054], [0.08587281757595051, 0.01651389562433061, 0.03258553708771212, 0.034981563855422115, 0.027054118808526095, 0.21966722857497398, 0.01615632050357469, 0.05155223754181195, 0.043576596340071494, 0.08368154948873756, 0.02631634303086691, 0.0359184652145079, 0.038606563698306805, 0.02571666200631259, 0.036936018245999076, 0.07419819739889033, 0.05502905558414916, 0.07134481663522296, 0.007386566479379364, 0.01690544630525379], [0.08688649429989427, 0.009338000624560992, 0.06132668764859096, 0.04877195505764068, 0.021409337025002684, 0.269212580590529, 0.020105723648723827, 0.01898430335003987, 0.048685899154251096, 0.037464297274639874, 0.015354209476005715, 0.06684990521973187, 0.03770442599246212, 0.035842635823882925, 0.041210107819838686, 0.08386643466425038, 0.04543082222116899, 0.029876471950585848, 0.00642905058265291, 0.015250657575547274], [0.09677278344931944, 0.015724781900830032, 0.05629959296138841, 0.028430803359189454, 0.025187385319142643, 0.24621946643543952, 0.01608582524887794, 0.037854020027229256, 0.0226416701045394, 0.0683136284849866, 0.021835050173134283, 0.05862178687796456, 0.030370680909929417, 0.020020335086335866, 0.0211982455523785, 0.09419425525675293, 0.07181852022800081, 0.04930813556546514, 0.006290266503421155, 0.012812766555674635], [0.08800564958983945, 0.010769674991594886, 0.058763649364957975, 0.06084537876377022, 0.014917076282568872, 0.19190757695184493, 0.026247970491725132, 0.02097687064112877, 0.06058403285424164, 0.032370573627820906, 0.01142950616926034, 0.07721291143269811, 0.037470376643072886, 0.04058102330811959, 0.04593343238936392, 0.10376254436709298, 0.0662594734073645, 0.032157278230624115, 0.004153347066883549, 0.015651653426027236], [0.06500446455099791, 0.010777402601817898, 0.03667276140038948, 0.01930804170275054, 0.011960851444338491, 0.5021942468222576, 0.01232957090714439, 0.0203769779591892, 0.02039270837527102, 0.02749953713087694, 0.010804848405933652, 0.045899826721038185, 0.017828935545487187, 0.014770552425650835, 0.017025561123313614, 0.07920278094831397, 0.04982989375786877, 0.02567561168472667, 0.0028171685050627296, 0.009628257987570934], [0.07221507992889642, 0.011598797004081103, 0.045594195865695436, 0.0511729541029933, 0.01757819102137776, 0.2545721855212118, 0.02063124317299298, 0.04615028384201197, 0.03906796791037048, 0.04445132586255642, 0.022158504095440026, 0.050506510602452065, 0.02993938070317946, 0.03469616873445339, 0.03145726278448696, 0.08199205334050022, 0.06771670830900074, 0.05977533523447566, 0.0037432072625409353, 0.014982644701282875], [0.028151976381931513, 0.00851800846539106, 0.07498884399560446, 0.06837626124687439, 0.009128691888122825, 0.2241814389045501, 0.031821696967269074, 0.01071938927537227, 0.0864650919873503, 0.01786124204304652, 0.005764545397679863, 0.08142932694913656, 0.07644931905546393, 0.059031090363648876, 0.06254319065013078, 0.07862505478296158, 0.04488510862639284, 0.01541998741041044, 0.004010321258078376, 0.01162941435058421], [0.04380359758779572, 0.009505065634802976, 0.0778149020857503, 0.09431053216131166, 0.007664104686529548, 0.19396455330991416, 0.01997343486721983, 0.015020188961411947, 0.06950502207978568, 0.02284312555066452, 0.007635731983273353, 0.062477597016714556, 0.09298542385332215, 0.043697899359772543, 0.04690400691032205, 0.08962656077206227, 0.06469875386524698, 0.02415363603506509, 0.003887790609861674, 0.009528072669172997], [0.0710550385518871, 0.016266562022430382, 0.0460594925732576, 0.06981231838632969, 0.013378279012715573, 0.08422788721019764, 0.025945339780284175, 0.029582434902709055, 0.09315065078638406, 0.04248286241517508, 0.014118667908976989, 0.04526545422462495, 0.11165103341725532, 0.05248133118377842, 0.06736995633834184, 0.07615754605949909, 0.06472107039883618, 0.05476940948967967, 0.0057183449485324524, 0.015786320389104724], [0.03546025629221301, 0.005828099579376043, 0.05433442742270555, 0.10966688700629054, 0.009940916141205984, 0.03173140948650647, 0.016341081455092162, 0.026450717302620178, 0.08748467218519841, 0.03886759278227355, 0.013773778031590415, 0.039798235045713885, 0.24933701711879572, 0.055878460073390285, 0.04553784021096678, 0.06178328374770081, 0.0661353157239538, 0.03959116237324233, 0.003217195119496992, 0.008841652901667087], [0.08264080444114016, 0.01512787459587983, 0.03040892066961354, 0.05198068254784626, 0.03368649969367334, 0.10147828266188147, 0.019450134326822136, 0.0683747417839278, 0.05750051131284531, 0.08339929804990541, 0.026997389020080743, 0.0246673309002835, 0.04784925333515059, 0.03459846469647288, 0.0442515147199164, 0.055818465877416124, 0.07689161617429519, 0.11084336471845943, 0.00976254085187866, 0.024272309622511198], [0.02683978988036026, 0.004356709580701828, 0.0757419367427245, 0.1486539639932613, 0.005184804370309928, 0.026288233377491275, 0.024221524140868422, 0.010113796318584861, 0.14005723446792911, 0.015613092307242914, 0.0071463539672289534, 0.06342885066623426, 0.09789704783719909, 0.07770552520886147, 0.09283960153969982, 0.07794960831154453, 0.0786853373890767, 0.016241207464400054, 0.002568747483422164, 0.008466634952858551], [0.10191673978238465, 0.017474175792351044, 0.043149084164134585, 0.04563106642490253, 0.035151972792752444, 0.09715265619862061, 0.025566125740042998, 0.07263467787285915, 0.048271227845058266, 0.07743080707906912, 0.024384014063595066, 0.028897670905664176, 0.04822673949080935, 0.028207358203729684, 0.04364814201976124, 0.05833299076238831, 0.06123165552380452, 0.09920082671298276, 0.012116796492370062, 0.03137527213271944], [0.06273499144885515, 0.009039876905856113, 0.06330480713221322, 0.09964793337391822, 0.011832249079782706, 0.09723055337525523, 0.02465825359669919, 0.03441693210112238, 0.10835853833944804, 0.05302359515777473, 0.01704140049144712, 0.08609549712897867, 0.054273759083426604, 0.06804383284902106, 0.05465487808871479, 0.06514072506828014, 0.03827543417254023, 0.03693131310101401, 0.003236465361064616, 0.012058964144587778], [0.043641373538256506, 0.017449412287866443, 0.07755445270385529, 0.046646265126297076, 0.030502610382799004, 0.14854362736159835, 0.028650358542512577, 0.061186972011149664, 0.050704626229107895, 0.07053872870693359, 0.016247947405871623, 0.07214856483608198, 0.055150660238934855, 0.02914873739349812, 0.03664426165568445, 0.07885876106638177, 0.05612026720243913, 0.05248379683496739, 0.0065663206933307275, 0.02121225578243358], [0.05442708064751832, 0.015506124983398388, 0.04391499249639723, 0.07426865005984971, 0.029197579161898288, 0.059772259028210095, 0.025298167071555834, 0.11514620980947403, 0.06315260056907604, 0.07691200594019071, 0.0293738955317424, 0.033127753941428334, 0.030841836888828376, 0.03837624053666709, 0.045028537018684124, 0.05273508058310556, 0.05345525983804431, 0.12165105998081065, 0.00939898325549329, 0.028415682657627204], [0.05483031480164099, 0.011655086871297305, 0.04563874436463603, 0.07970817328475427, 0.022496909469604903, 0.046545064521059595, 0.02642070472598992, 0.05251495849691998, 0.10673264499868726, 0.060684067285752125, 0.018711888654297956, 0.04553110839112838, 0.0504404652057064, 0.06206510191188407, 0.061033136287787344, 0.06293658781707727, 0.09756588698020575, 0.06786629379531521, 0.005550531969614435, 0.021072330166640812], [0.0721888304194716, 0.016899017226914618, 0.02654336524197584, 0.03974870856640258, 0.038503135115038306, 0.032655817937587706, 0.021386132475247118, 0.14246614430762863, 0.04723795663052398, 0.11859033837044311, 0.031001836875858165, 0.02085402848603266, 0.019641284264106502, 0.030730291610846203, 0.03227780865877036, 0.041955706790230245, 0.05877207721439234, 0.17620541250349636, 0.009126015388377179, 0.023216091916656512], [0.04667276110692054, 0.014833497297731854, 0.07389328520711626, 0.09262146756151558, 0.024605236684008575, 0.043803417433074816, 0.024942145837791085, 0.0549299462359986, 0.09737872980885992, 0.06684614283604001, 0.020908170706836576, 0.06732270068223484, 0.02641910666922789, 0.05593671865173587, 0.0539206849173243, 0.07890615182464962, 0.06975201153307693, 0.05643243136319909, 0.00814692263047468, 0.02172847101218296], [0.06624978115456777, 0.01743133608517013, 0.03582689929322669, 0.06452095218630824, 0.04099409874957696, 0.04659274915051657, 0.021765993593860472, 0.0801343149295915, 0.07991707499954405, 0.10774141560056362, 0.020739422224885656, 0.03536451838980948, 0.0667719840706204, 0.047964020790591526, 0.043553312541169606, 0.06014479518214888, 0.056262109241177714, 0.0881947098878603, 0.004276621922850622, 0.01555389000595982], [0.06162638924863945, 0.015605972421309804, 0.04983189089928684, 0.08234786886311195, 0.02987415132301622, 0.043209087570301376, 0.02678582953134595, 0.06533687653664852, 0.0885407162451316, 0.07171390610319413, 0.024800271643939456, 0.045285551451539396, 0.04783568575962041, 0.045817347602392984, 0.048101095634121044, 0.07061856956111238, 0.07898903903765103, 0.077194606222751, 0.0051391234471253235, 0.021346020897761143], [0.06198274376102093, 0.017684733694856677, 0.027128095069401933, 0.04135488257627587, 0.05697699265538369, 0.040204240283507324, 0.018807409492168845, 0.1340002693669034, 0.04562044494796767, 0.13446926117822705, 0.029158894613523643, 0.026226147171592353, 0.0338708829077218, 0.02916402500347443, 0.03160307537451884, 0.04180312547306556, 0.059444380370994615, 0.13993646411780297, 0.007936696481792136, 0.02262723545980027], [0.038805981478673646, 0.01023776655231097, 0.04472133062021751, 0.10229849859501754, 0.03006041465783497, 0.02561825214576254, 0.03076979317681948, 0.05948468858755131, 0.10232325828462227, 0.06654201973544899, 0.022491797409800614, 0.04623228639401828, 0.03735171667639186, 0.057371095529600506, 0.0580046917395127, 0.06833034289576222, 0.09907069342633641, 0.06572074016066966, 0.009739654760384457, 0.02482497717326408], [0.042338500684254564, 0.017490813625079756, 0.03696128922574125, 0.041465525506867294, 0.07033016062074329, 0.034738769241934905, 0.02398530008261861, 0.15086151997912978, 0.034887842317182526, 0.15957493120098096, 0.030521075680097775, 0.03537827868917466, 0.03242262452664197, 0.029553779081021456, 0.02689340607023696, 0.04779830159949667, 0.04093193159848277, 0.1028467191050045, 0.01125999926126622, 0.029759231904044108], [0.042036206556274325, 0.011049917865826457, 0.05779879118451504, 0.08530782192198982, 0.02994774063224365, 0.1014416766749276, 0.031677372199993226, 0.03756670034149807, 0.09305683868324445, 0.056971988882095606, 0.016460274278272725, 0.07321307676503076, 0.04947774766608354, 0.05405310859722117, 0.05508792096819967, 0.0744235623657559, 0.061114155387298814, 0.03941780926772422, 0.008518941805337733, 0.02137834795646723], [0.03968241545095414, 0.011288350156574407, 0.10131100805746661, 0.0940931216857399, 0.017440499650765145, 0.10530575690786899, 0.024457972793261035, 0.03537115328892963, 0.09058005899917879, 0.044462313717020585, 0.016960780495651834, 0.09794066526554239, 0.03624143916379851, 0.04284195302340767, 0.050516148166068676, 0.07186210080415871, 0.05508634020428326, 0.040611786095568286, 0.005742900848263666, 0.018203235225497782], [0.061231613063330616, 0.025920829905048525, 0.035490749887660294, 0.051986599007781305, 0.054799674405110584, 0.055888126866757516, 0.027111475344115597, 0.10385803063621085, 0.04281800052799705, 0.08083612068877359, 0.02502940987089779, 0.03305354835444742, 0.021092815355810555, 0.044150309892118315, 0.053933810067584805, 0.04938147920258424, 0.05287145545519954, 0.13074961371484903, 0.010464099219700576, 0.039332238534021804], [0.05801900091969732, 0.020101278813483454, 0.04905310533994077, 0.07369874810691744, 0.030451734380324783, 0.04893170731697776, 0.028589074212766432, 0.0495179987447621, 0.07896027537025072, 0.0601064091149455, 0.022819762258833483, 0.04377907913942463, 0.06535204354190854, 0.048820293541898534, 0.06661449953029376, 0.06645647272927353, 0.07118950543857955, 0.07154745562707558, 0.013203997386246844, 0.032787558486399235], [0.06899852441131825, 0.02052415647223682, 0.06062607837599844, 0.05497405999261335, 0.03976401478077106, 0.03258797573976844, 0.030917592740185684, 0.0997264202010998, 0.045430096794388, 0.0690967351186486, 0.03105365230879828, 0.05963922133486831, 0.02166016995405374, 0.03886464655881042, 0.04239810478220958, 0.046926966263361895, 0.06464925269412797, 0.12864283845678973, 0.013393421879271812, 0.030126071140679802], [0.0946365555759028, 0.015892414233239664, 0.05979436315946054, 0.0678787112255456, 0.017090477788733596, 0.07073991677831626, 0.03170536812773331, 0.0300938261722623, 0.0381246629458957, 0.03616292994858146, 0.019889519262258817, 0.12461875800429931, 0.07684145593109466, 0.0477909341708918, 0.032841507907425585, 0.09242994405528124, 0.07102457017861404, 0.050931245653761774, 0.0059278640301194995, 0.015584974850582044], [0.02358173253242478, 0.011423387524437693, 0.004052161995933633, 0.006011655889851672, 0.04631014126996626, 0.007119722263986145, 0.006774781347850482, 0.26185373009091656, 0.0059836169105404275, 0.360684578092386, 0.04160149274626832, 0.00541173163458602, 0.007904723341535622, 0.00721763749052629, 0.015281881715022662, 0.009926523284249021, 0.014206774762906669, 0.1474680615640222, 0.004976839195368135, 0.012208826347221393], [0.013437319903178228, 0.005954008061279922, 0.0022731085600803448, 0.004138732193561786, 0.047418277293993845, 0.0037525216299590224, 0.003691989895944432, 0.2473659163440451, 0.003390922885648012, 0.4831468294348433, 0.051179936531900505, 0.002775522627622826, 0.007392078723086483, 0.005082129618857262, 0.005234557818480536, 0.004658005840451658, 0.008445421281471261, 0.0875052411323792, 0.005736402371714445, 0.0074210778515018784], [0.04433447680001644, 0.008296766374947133, 0.05461351458521596, 0.03267682555730791, 0.014251611546360269, 0.5121585316887121, 0.015312905522979404, 0.018556323331467468, 0.02410209624678454, 0.0298045353703102, 0.009625153623638423, 0.032796919925358985, 0.03758430307190111, 0.02121505364183596, 0.024742453633199275, 0.054628427193563776, 0.028076459111157637, 0.022485112027910762, 0.0025456265767327727, 0.012192904170599919], [0.08474927906875435, 0.02646474881387942, 0.029777061185937797, 0.053165184369422934, 0.03131437280281324, 0.023942068053608788, 0.03473343433695198, 0.03782616668713737, 0.052399315152035005, 0.10208855129570123, 0.10536141738523198, 0.043213839310888104, 0.017895863986028913, 0.05493516143739914, 0.12422539451232638, 0.04933918740728775, 0.03682549364530298, 0.05023173475576786, 0.011194315544998357, 0.030317410248526425], [0.06582158937000175, 0.012528437989964381, 0.2088594792043253, 0.09064007246810556, 0.0054814962895139, 0.05876594836530268, 0.028605674280993063, 0.009930458136240746, 0.05469179609567914, 0.01481445830662063, 0.006391976899874669, 0.12496307423355393, 0.07268478300726926, 0.03811430207850677, 0.054311241466570334, 0.08060925730279757, 0.03963169991095393, 0.020814219570069487, 0.0030504903627739843, 0.009289544660882906], [0.2081524245398862, 0.03543359238889928, 0.014689511780083141, 0.004736663050311701, 0.09207102725291785, 0.027017785642185516, 0.015830116498284558, 0.10053412533507118, 0.003958571836392634, 0.09563347105207794, 0.02471816784808726, 0.011191663954979468, 0.006581580251923684, 0.005367466445976003, 0.005908333502089031, 0.04270143256458706, 0.03321374041918051, 0.17515779238308693, 0.050993736406337364, 0.0461087968476427], [0.114951973376136, 0.019080756384753747, 0.0014633016494086262, 0.0013776028376148509, 0.07773826175475641, 0.01049054034005129, 0.002066546347149422, 0.08724959359886622, 0.001493152111278627, 0.48713366079083825, 0.06116636216385178, 0.0014210072763193313, 0.0011816943598595014, 0.002473827384009373, 0.002526217125721723, 0.017064922864254154, 0.01698369330352502, 0.08058922412313203, 0.006197079429218012, 0.007350582779255636], [0.046224983553184336, 0.008104693844097519, 0.09334430841687891, 0.12716507758976478, 0.012711646301322538, 0.03538272781876473, 0.030756558829148874, 0.017334670123978487, 0.13638314191068296, 0.0371728745210588, 0.012786130039093345, 0.07414038277166204, 0.009865156577973967, 0.07213205815641889, 0.10929060479814359, 0.08541469522310002, 0.04767984074223109, 0.01975257054416469, 0.006604270385132586, 0.017753607853197836], [0.05029747746028011, 0.0048141153276857656, 0.0801978700969237, 0.13362730635225462, 0.006393735998217158, 0.028292877532589803, 0.028410413952054677, 0.010442540240112142, 0.21289845279095035, 0.019916457894571367, 0.009309386038989552, 0.057557156756359244, 0.00781838288520514, 0.09146406587484637, 0.13165733032148796, 0.06654047380846723, 0.03471409771098333, 0.012941421776450033, 0.002866918136647305, 0.009839519044924139], [0.047323975378575855, 0.018885786398301723, 0.007754801741590345, 0.011061520555922764, 0.12673823816617724, 0.01225438995356541, 0.028285765822265045, 0.10337374301954752, 0.007664004154293348, 0.31601052117840256, 0.05420413816682899, 0.022279075963508362, 0.0049770791657488345, 0.012350797400770434, 0.007280251458964513, 0.025688734566275146, 0.03094891770812635, 0.061751329922368384, 0.027491679372151072, 0